,0
0,90.0
1,87.5
2,85.0
3,82.5
4,80.0
5,77.5
6,75.0
7,72.5
8,70.0
9,67.5
10,65.0
11,62.5
12,60.0
13,57.5
14,55.0
15,52.5
16,50.0
17,47.5
18,45.0
19,42.5
20,40.0
21,37.5
22,35.0
23,32.5
24,30.0
25,27.5
26,25.0
27,22.5
28,20.0
29,17.5
30,15.0
31,12.5
32,10.0
33,7.5
34,5.0
35,2.5
36,0.0
37,-2.5
38,-5.0
39,-7.5
40,-10.0
41,-12.5
42,-15.0
43,-17.5
44,-20.0
45,-22.5
46,-25.0
47,-27.5
48,-30.0
49,-32.5
50,-35.0
51,-37.5
52,-40.0
53,-42.5
54,-45.0
55,-47.5
56,-50.0
57,-52.5
58,-55.0
59,-57.5
60,-60.0
61,-62.5
62,-65.0
63,-67.5
64,-70.0
65,-72.5
66,-75.0
67,-77.5
68,-80.0
69,-82.5
70,-85.0
71,-87.5
72,-90.0
