,0
0,0.0
1,3.75
2,7.5
3,11.25
4,15.0
5,18.75
6,22.5
7,26.25
8,30.0
9,33.75
10,37.5
11,41.25
12,45.0
13,48.75
14,52.5
15,56.25
16,60.0
17,63.75
18,67.5
19,71.25
20,75.0
21,78.75
22,82.5
23,86.25
24,90.0
25,93.75
26,97.5
27,101.25
28,105.0
29,108.75
30,112.5
31,116.25
32,120.0
33,123.75
34,127.5
35,131.25
36,135.0
37,138.75
38,142.5
39,146.25
40,150.0
41,153.75
42,157.5
43,161.25
44,165.0
45,168.75
46,172.5
47,176.25
48,180.0
49,183.75
50,187.5
51,191.25
52,195.0
53,198.75
54,202.5
55,206.25
56,210.0
57,213.75
58,217.5
59,221.25
60,225.0
61,228.75
62,232.5
63,236.25
64,240.0
65,243.75
66,247.5
67,251.25
68,255.0
69,258.75
70,262.5
71,266.25
72,270.0
73,273.75
74,277.5
75,281.25
76,285.0
77,288.75
78,292.5
79,296.25
80,300.0
81,303.75
82,307.5
83,311.25
84,315.0
85,318.75
86,322.5
87,326.25
88,330.0
89,333.75
90,337.5
91,341.25
92,345.0
93,348.75
94,352.5
95,356.25
